9999
 714
8979
3143
4132
3734
 738
9816
6762
 887
3653
8093
9537
 511
9256
4419
8531
2223
8345
4463
5262
6906
5116
2725
 107
 796
7761
3544
6299
1354
1716
9683
2131
 988
6452
2263
2906
3977
3862
2422
6417
8833
9578
8735
 562
1009
 814
1579
4731
7987
1617
1064
2493
2932
7883
4803
8288
1706
2556
1083
8442
6469
1058
7972
4720
3172
7550
5818
 299
5372
6793
7958
4063
 133
8547
4949
2456
7846
 365
3735
1158
8946
1064
4934
3931
9986
1085
1800
5985
9109
8910
 198
5841
2469
6077
2078
5330
2108
4251
7142
  31
5575
 915
4930
8541
 298
1593
9063
1963
 676
1597
2481
4618
2868
3269
5586
4767
7916
4442
4892
8934
5062
 545
 241
 329
9284
2412
2649
1282
6795
4978
9156
8765
1091
 445
8880
1410
7928
1730
2989
6002
8005
3799
6447
7407
9986
5728
2116
7601
7115
2202
1223
8358
1316
7003
1220
5610
5689
3001
 765
5383
 394
1835
9900
5038
8967
7965
1321
6327
2392
8424
9295
 598
 577
 785
3002
8382
4692
3457
1508
2442
8519
4213
9441
6506
8247
 438
9959
1099
5469
3611
4545
9770
4064
1678
5302
4794
6795
 589
8037
9668
8913
7586
 132
4718
 750
3045
8250
4655
3840
2384
5866
1170
6374
 387
4161
9417
4231
7753
6705
9780
1255
2842
3615
2066
4821
7811
 873
4152
5480
3795
8012
4368
5179
7112
   5
1971
3126
2825
9799
7129
2912
 421
2413
5840
1010
4540
4272
1388
6269
 603
1291
 350
 687
7662
 797
8152
2146
9986
2782
8336
6469
8665
4502
8851
8575
4113
9610
7836
3921
3511
1225
7733
9851
4696
7958
3149
7762
9480
7398
 506
6592
6022
8669
6145
7485
2336
3188
3236
2445
9939
9550
2747
7290
3574
9498
5334
7876
6615
 923
 738
9893
8550
7607
1114
2297
6017
9965
4432
 814
4687
2667
3116
6057
1329
8911
9604
8682
2262
3852
8013
9056
5854
9278
4657
3248
5265
3730
7057
1554
 161
6576
8205
  44
4221
8298
6785
9283
9944
8250
5666
9359
1401
9639
9354
 751
4756
4440
8880
1853
7369
2892
4204
2243
2363
 729
1513
8494
3316
2196
8284
5009
6743
7088
5172
 525
2406
3082
1442
9536
5717
4981
3003
4204
7535
 449
7611
5386
6519
8338
1228
7886
5954
 846
4552
6429
8851
7782
8172
9420
 134
 328
4301
 570
9265
2565
6751
2497
7816
8783
3876
8713
4561
2981
7234
1166
9991
 434
7304
2674
6050
3267
8545
8214
9143
2520
2826
1270
2844
3900
8593
1266
 959
3368
1423
3028
8151
5461
9928
2127
7995
 961
5599
2164
1378
1892
1023
9371
9579
 899
1640
8416
6462
7012
8439
4812
 897
1459
6585
2278
2160
3204
6913
2585
1095
6987
4216
5800
7506
4425
9092
2735
3319
1143
1917
9403
5826
4776
7211
1261
7169
 185
9316
1947
5617
5245
2085
8504
3545
2711
1646
5734
5525
2166
4675
6936
9750
6664
3809
4764
3416
9384
 510
4345
6996
2362
1923
6870
1239
4282
6046
2587
3699
2607
5587
2924
5060
3221
3604
5123
1174
  59
2081
3773
 885
6842
8065
2264
 660
5544
4049
9962
5650
3692
6156
4134
 602
1922
2972
 699
 171
5409
9647
9646
1239
1212
6734
4537
5551
6854
4523
3812
4543
6025
8521
8227
8166
6712
5136
3216
 393
9347
8112
1130
8729
 283
4342
1517
3010
 327
 669
1188
4388
1047
4775
9277
1927
3319
4525
5836
7067
1638
8243
2563
1710
4631
9854
3393
 978
 839
6890
1592
1118
1457
4664
4931
5315
2750
3557
6455
1458
9585
9953
8329
4876
1970
1134
4400
2426
9449
7287
5565
8798
 958
5571
4377
8026
5870
5994
4957
2144
3409
6199
8664
6137
5065
6159
4956
1130
1501
9697
 522
3251
 440
2942
1808
9066
5771
7531
8480
8840
4394
8836
2162
9154
 550
1956
5565
5515
4006
7874
8306
6471
3724
 574
7321
7747
6565
3309
1728
4500
 368
7761
3072
8526
 675
9388
9939
6374
3466
2950
5524
9033
1682
9549
8229
 221
4038
 253
5751
 729
2039
4689
5749
5217
6209
7704
8226
2149
3851
3387
2692
4043
7231
5694
1233
3017
8507
6228
3497
7127
2887
8248
5620
9237
3576
8058
6062
8841
7397
 727
7871
3052
8936
2189
3760
8853
7639
7148
5355
5605
6324
6384
2226
4821
6161
3311
8211
8061
3656
9726
5723
1943
2522
7225
3864
5748
3846
1250
2115
5533
8956
8282
8174
 236
5171
4382
4042
1531
5448
5875
3229
9981
9352
8853
1634
2812
 815
3373
 528
5059
 114
1633
8480
6813
3210
  16
6969
 462
4994
2574
8078
  33
7699
9693
7915
  97
5486
3533
6924
4923
3882
8261
9679
4436
9806
5602
9146
1511
4433
2207
2480
5474
 608
7494
 560
5250
8145
9702
3886
 875
8261
3734
8726
1292
2194
4680
9967
6051
7826
5698
2429
8845
 614
3321
8617
2033
6064
5230
5460
8094
 911
4622
9977
4673
8300
3877
8755
4444
1173
4002
7952
4547
3623
7457
9604
 248
6129
4837
2208
4346
1639
7956
3045
 634
7364
7480
6196
4830
5236
7362
2663
1721
2033
4530
8405
9786
1692
8372
2946
6340
 190
8045
1973
4638
2560
4727
7647
1516
3848
6394
5832
1294
 644
8411
9884
1304
9276
9033
2950
4322
 403
7109
7004
2464
6398
 482
4763
9076
4185
6830
1012
3794
2054
6063
7607
1605
 823
 321
3951
6160
3742
5759
 879
4344
1763
6193
3755
8320
1078
6453
1658
3765
1685
8912
2730
7915
 496
3974
6596
 871
8987
1657
4993
1647
 436
5231
7054
2574
4597
2807
2076
9997
 396
1213
2396
2702
3418
5916
 697
3898
8153
  83
3941
4783
2402
7163
2713
6578
8701
5608
6455
9099
2505
7982
8322
1185
8591
4597
8593
 899
4338
6240
9743
2521
5210
1211
8743
2250
8306
4292
2606
3935
2702
3212
1969
1832
7377
1117
6753
4477
2206
3389
1276
 520
8189
 260
9662
5681
3200
6155
8280
9370
2006
5701
4367
5213
7472
8850
1592
3394
2323
7986
3843
 773
 349
5463
2917
2200
 171
7214
9883
5781
5626
2736
 235
1958
9917
8435
1837
4856
6063
5462
2715
2541
8297
2830
 293
3233
8822
6330
3159
2144
5636
 221
8463
4278
 766
2173
8346
3239
8616
1224
2990
9408
5931
6471
5821
8605
8610
6245
1832
7645
3028
6561
7346
8866
9875
4753
3255
9262
6019
1562
1741
7339
7151
2478
1914
2457
9817
7782
2054
6205
6512
7168
2194
 727
9671
9290
2137
8485
1156
5680
9094
6663
8902
2594
5398
8563
4907
2393
6991
1354
6480
4331
6178
3418
1738
2797
9341
8069
 181
4137
9459
4114
6395
2865
 544
1555
1287
6066
9992
6919
5947
2524
7231
2048
2543
4113
 639
2983
8602
4924
1093
5086
4437
9060
5852
7655
5774
1937
5583
 324
9659
 495
5449
1119
2305
1616
2479
1226
3107
3543
7344
 361
 110
 818
6780
4847
7925
6311
 147
6310
1064
5315
7615
5251
2010
 350
 693
7385
2675
9987
9640
4877
6707
 751
9295
8666
9785
3288
7671
4454
9811
8640
4395
5332
2279
5625
7972
8092
2449
1788
9852
2792
7741
7557
8311
 320
3671
1905
9476
1080
3521
9754
 208
9368
6597
8978
5277
6572
7580
5999
7185
3469
8431
7382
7425
3953
7052
8571
5199
8494
 330
 551
5153
5045
4512
3899
9093
5212
4548
7604
5986
1740
9200
 607
 144
7885
2489
5583
3755
4718
1474
6125
9012
6953
3886
1504
6024
5638
 534
6765
2549
 287
 906
4480
8603
5749
5995
 380
  31
2369
9352
8735
  86
 733
1031
 170
9231
6500
8199
3919
2866
1350
3219
6603
3608
7265
3449
1847
7562
 941
 332
5577
8271
5846
1400
5633
9456
 416
1076
1297
6431
7910
7916
1227
4952
2259
 143
9858
9718
2197
1590
7514
9592
4782
6071
8625
  54
4285
2280
3890
8255
7708
2792
9703
 308
5067
4155
7935
1355
7390
 148
1969
2220
1635
5192
5648
1536
3350
8096
9343
2476
6712
3951
3463
3160
3389
2021
1638
5428
8805
2355
6058
6557
2157
 224
6559
6301
8759
1100
8261
5713
6151
4035
4277
6559
5328
4020
9973
4103
3870
3490
9322
6377
8229
3386
7342
7175
6682
9030
1651
5437
 833
4610
8647
5310
3335
1981
 120
2513
2480
4819
9817
4492
7940
3368
2821
7231
5525
6823
4051
5764
9284
 892
4283
8917
4148
1423
1065
 255
1471
2098
 159
8246
5129
8492
3824
9593
7586
 616
2618
 440
2703
7479
5987
5731
5131
4749
8760
7252
6906
3915
 673
1871
7886
 840
6969
7289
1086
9173
9485
8791
7395
2193
2451
 649
7365
2411
6701
3335
2390
 182
7310
5738
3420
9138
 332
2478
2933
 744
1510
1030
1671
7958
4504
3857
8038
3676
8381
8380
9337
2870
6565
3560
2462
6251
4839
 205
2429
6053
4264
5471
2523
3474
8476
 992
2304
2202
8284
9398
9387
5426
1513
2670
 164
9505
4848
9233
6466
 177
8847
 470
1182
1096
1974
4809
7512
5479
4658
 331
9961
5299
 902
6553
3897
 322
4187
1249
 705
9736
9914
6162
2595
9907
2999
3203
 249
1460
1184
3287
2732
2623
1413
1536
 886
3092
1723
7170
3449
2591
 268
6905
 513
5612
5650
2141
6952
8224
 772
7413
 265
8852
2703
8522
6263
2963
8456
 590
6238
1846
4865
7388
 922
7566
2922
4785
3623
7682
9226
4747
6777
6265
8286
9969
9390
4810
7714
8340
3264
4482
5582
5621
7998
2854
1538
2775
2462
3177
1397
9717
8892
3809
4650
7911
4566
7525
4004
6513
9323
1577
 844
3261
4065
6686
6352
2027
5574
1363
5406
2869
1705
9601
4226
1704
1210
1861
5948
5760
7791
5103
6357
5170
5417
2843
6707
  80
6183
6525
 780
1017
1593
3843
2040
8975
 247
   6
1433
4205
7266
3328
7215
8457
6747
8356
8871
2886
2580
3883
 100
3165
9988
9259
1665
5693
7775
5101
9078
6896
2196
1790
3161
3984
8792
8662
5686
8698
3092
3880
7682
2865
4651
3881
9037
8374
8463
1493
9942
3320
7844
2046
8339
2918
4084
 438
1137
6956
1604
6319
9977
 206
 791
3120
4852
 798
7426
8107
2064
7012
 432
3005
1347
8527
1591
6854
8639
4743
6987
1258
8887
9620
 881
9063
4113
4564
3479
2168
2380
1561
1762
7353
2260
6866
6823
5211
7812
6540
1518
1066
8859
 119
8468
9742
6931
5869
3936
2895
1198
4689
 825
8636
5409
9797
7557
1070
3813
2654
1637
6712
6795
7340
2319
1410
6192
9812
9676
5335
9490
7680
4308
2619
  98
1995
7926
3489
4426
4805
3981
 539
6529
6958
3007
8883
5772
4320
 183
1018
2936
7821
 390
7840
4037
5211
3797
5123
3909
2525
4334
1195
9429
 389
7180
9125
1051
7158
3440
2382
3153
3871
3238
3443
7393
9764
3239
7687
4498
7823
3055
9749
2689
1240
6098
5286
2019
4096
1467
1940
4954
1796
1381
4768
9894
7760
1806
5906
 558
 674
6937
3295
5152
4065
2434
 383
2885
5710
 215
 544
1592
9097
6917
3221
7849
 167
9025
5827
5212
9842
8745
 429
9047
4962
1466
9534
4173
2587
 770
9560
 404
6455
3176
1834
1790
 549
5979
5255
5046
2401
6537
3381
9161
2167
8962
5283
1671
9634
3963
6671
6345
6922
6567
9814
5014
2670
 835
9405
2113
1821
8640
2880
1477
6187
8055
7881
9924
5410
5800
1539
5020
 759
4868
1935
2027
2447
5596
3831
 980
5218
4073
2065
3634
5039
2317
6135
1853
8880
8569
 869
1819
2110
6433
2706
7608
4872
1997
4514
4665
3201
4737
6138
9662
5016
 704
9606
6038
2283
7980
5721
8311
8574
5345
2227
7390
8057
4291
3319
5972
5328
6580
 845
6882
7031
1611
2069
4502
8053
1026
6318
 454
9864
7614
   6
2164
2714
9604
2370
 835
3715
5418
9088
8073
4670
9372
6107
 646
9536
1073
3183
5652
5367
2381
7758
 223
1551
9159
8051
8038
4587
6766
2148
4451
8274
2935
 285
5895
9175
1034
3867
9850
2941
4735
5493
2082
9019
2275
6930
 225
4429
2159
9895
6580
1820
6314
1536
3017
5871
2206
5618
3201
6641
3673
6830
3143
6532
6725
 936
1631
8566
3449
7544
9234
1395
3665
8848
4025
4908
4076
1120
1208
2919
3493
7207
1853
1895
8789
 843
1929
1581
3094
 395
7919
6927
9035
3922
2970
8600
 382
3806
2020
  64
4746
  50
1700
3597
4698
5417
7767
7241
4865
2141
5234
3815
1308
5063
1975
2273
5812
5847
5719
2739
1689
4822
9223
1469
2972
1257
2469
3669
8363
3097
9885
1691
1811
9537
 983
4833
6768
2120
4579
 395
4793
9424
6664
1155
4442
4686
3785
6785
1761
2683
 330
7561
8765
1994
7089
6836
3972
7099
5664
5091
3269
8127
2690
6481
2669
5661
1844
1785
2493
2693
7606
5897
2379
8371
1954
3141
2024
3493
2604
8735
2771
1760
3802
8421
4316
1825
 598
2907
5051
9520
4834
5915
9682
6105
9772
9082
8176
1278
4530
5293
9240
1527
4631
4747
3441
1420
4743
9365
4095
8484
2855
 275
1650
6687
2432
 161
7549
 417
1774
5642
7594
2559
1588
 580
8636
3823
3411
3613
2020
1819
5850
8659
 825
2599
6383
6794
2162
4212
 767
7417
5445
9011
6371
1334
5734
5342
8004
4548
6888
7923
4512
3242
1351
8994
7485
8758
3145
8729
7758
1346
 722
4846
6404
2117
7511
 541
2694
2429
8326
9427
4020
 747
7316
2314
9624
7919
7958
9877
8862
4743
7205
2383
7349
5522
7835
 335
3414
1514
2675
7855
1605
3025
3632
6029
6743
7290
1548
2337
 803
2588
9013
 176
6747
 803
4627
 753
9261
9351
6860
 110
4372
9137
2587
2493
6229
2843
2463
2367
8519
6839
5904
6120
1154
8243
2936
5937
2283
1035
1631
  91
8127
4287
9671
6613
4991
7655
9817
1807
1034
2725
1040
5663
2161
4746
9108
 996
4503
 571
 714
4074
2967
2421
7962
 797
  11
4367
1952
2178
5626
1599
5672
2722
1185
2319
3044
7624
 277
3841
 704
2541
 872
5681
7464
2129
 875
3818
6520
4061
2931
8460
8131
1479
7951
5645
 424
4278
9192
 381
2994
1095
8697
6926
8031
8111
9442
 323
 244
5298
3464
6056
 927
7907
2111
7475
 397
6604
 186
2762
3789
 209
1378
5733
1396
1040
5686
5285
2386
4075
8818
1973
5045
7770
4451
9120
2284
8186
4233
1412
 751
1531
 894
7925
3966
3513
9958
2372
2471
2152
6328
9377
9100
 310
2652
3231
8948
9019
9413
9816
3856
5588
9185
4752
7153
8785
4094
2750
1224
2763
1535
8616
3038
8650
9935
5535
6357
9014
9798
5179
9150
3341
8250
9464
2621
 356
8664
2337
5898
4881
3395
4635
4058
3800
 764
1030
5661
6693
2626
6543
4089
9546
 268
8905
2247
3257
1749
6366
5548
4724
1654
9553
3195
6242
8699
 213
5432
6997
7039
9443
1888
2362
 153
2072
1432
1585
 363
4733
5283
5550
7768
6155
4872
 286
2919
6399
3587
3454
2981
4826
 971
8841
4655
4156
8500
5664
1440
 210
3366
 927
1736
9790
2157
5630
5998
6918
 866
4165
 503
7567
9098
3683
9336
4171
1246
8465
 456
7456
2331
3314
9609
7788
5738
3614
6409
3734
9027
5151
4036
8807
8701
9035
9660
1928
4777
1428
1035
2589
2000
1885
5576
7315
1946
2622
2633
 102
4561
3305
2952
7286
9349
8413
 329
3515
4945
7483
 859
9111
4334
9751
2301
1210
 167
2257
6818
4956
6188
4165
8088
2198
8155
2976
1846
9538
2571
5397
1220
3156
 923
5759
 655
8873
8347
3063
 397
2736
5673
5703
2125
3349
4047
 480
3075
5093
8474
4953
9395
5743
 126
8058
9308
1320
9097
8024
5752
3106
4245
3777
5216
6702
8418
 826
2916
5743
5860
 311
3324
 337
5912
4188
8969
1130
3388
9857
4223
2288
 784
8299
 983
  11
3160
 521
2336
9692
6579
9963
1142
2973
4145
6570
2998
3803
3280
8628
2032
3042
6791
7479
3646
8136
5639
8432
4788
4909
 415
4676
4633
1553
3472
6894
9813
1255
2992
 474
1371
8440
8802
9618
3737
1867
6741
 248
3965
4451
9260
9939
2171
5386
3342
5085
6924
4877
6815
1820
3161
 455
8783
4927
4216
4114
9361
2156
8758
6283
1855
5575
 566
1158
5948
 165
9433
5827
6570
1090
8542
2799
1021
5120
7676
1773
6080
 690
2510
8998
2310
7320
6766
1311
9444
2107
3909
5354
 493
6155
2561
5216
3118
7750
8936
3902
4651
5436
5997
4205
6537
8577
8177
2694
7981
2419
1995
3445
 101
2285
5243
3101
6982
1324
1227
2637
4486
1983
5671
4818
 891
 548
4447
1485
7443
2128
5450
1350
5221
6079
8605
9665
2376
3694
2573
7680
6003
2436
1521
7721
7173
7672
3756
9482
7670
9807
4041
1834
3293
 757
2487
1745
5491
2110
8439
3530
1095
5341
8404
5112
2724
 629
2611
9880
5425
1694
7995
2694
7399
8123
1750
8002
3592
7849
 472
7363
4893
1098
 112
7916
3617
4435
8364
5071
9517
1043
7042
1408
5939
8293
8813
2027
1439
2743
2469
4137
4314
3804
8962
2366
3697
5855
3889
2694
8486
2554
3304
 130
1157
4181
8983
2141
3274
9458
5567
7893
 801
8825
1864
 182
3902
7856
7022
7560
6558
8429
  43
6732
6045
7215
8251
1026
8409
8826
2715
9056
9351
8561
6723
3630
2645
7624
7606
1845
5680
2074
 152
 233
2999
3129
9152
 996
2511
6869
6094
2406
8025
4351
7374
 810
 449
3390
2429
7162
8727
5346
8715
9349
3747
3078
 690
5104
7525
5115
7575
3211
4315
6195
1966
9045
2375
8443
8098
1075
2128
5213
5654
5885
5000
6757
8373
7289
7421
2530
9089
8957
1060
1615
4250
4687
4835
 355
8957
1487
 413
8230
7887
7431
8260
5541
3578
 977
5481
7143
7000
7114
5944
8737
3581
2550
7555
7014
7130
7636
2459
6339
6846
5987
6566
6187
9088
6725
8605
 607
6299
9411
 677
 896
4953
6241
2193
2567
9651
6836
9782
6725
1559
 193
2751
2022
1548
5575
3282
1612
6834
9392
9426
2489
2573
5828
1782
5501
7636
4895
1114
2785
8517
9668
8597
2162
4283
 226
3627
 162
2034
9894
1956
7036
 426
9168
1405
1159
9482
3370
3453
4925
 855
 647
9482
 156
6934
1913
6301
8348
8942
7478
6787
 114
9666
2747
 901
3428
4333
7745
7371
1022
7438
2047
6205
8581
5815
6208
6362
3739
1104
1271
8556
8146
2737
  32
3851
  19
1616
 137
 625
5873
2232
 529
 110
9018
 363
 527
4606
9518
8200
 470
9367
3811
2528
 424
2103
8680
8422
1256
4910
 553
2854
 469
8295
5890
2360
5028
 429
1496
6564
3324
8940
7108
8599
3416
3941
2961
6711
7352
2102
9304
3620
 618
5625
8697
 528
9080
3980
2541
2512
 337
9937
2202
6035
5692
6055
2359
2546
5353
3336
9969
5513
1227
5716
6205
9318
6052
8431
1374
8607
4495
3302
9545
 200
3716
4984
1815
5685
 695
5378
3260
 829
5554
4395
4182
1904
7524
2738
6871
7994
2346
6132
2327
3224
3293
3571
2435
4762
7196
6563
2426
6970
 155
1799
4890
3261
1372
1883
8039
3271
 413
9059
6284
9684
1251
6836
 101
2740
9014
7393
3867
6342
9580
6906
9729
9944
 362
2640
1888
8254
7848
2459
3022
8209
9461
3167
2340
7226
 203
 828
2047
4048
8611
1462
6646
3870
3388
5877
5694
 152
4601
6589
8443
1567
5017
6576
9305
5250
5739
8434
6842
4984
7856
 302
4336
 828
1699
3896
4012
1160
5671
4690
3416
8101
5985
1010
2803
1746
5702
8500
9275
8467
1189
 572
6975
3356
6088
4431
6917
4206
6887
9523
9162
7552
7613
1572
3512
 514
8623
 760
7149
4303
1019
3637
4298
8241
6765
2577
  24
 153
2472
4523
2354
5806
2611
8808
4799
7733
4609
2592
7166
2899
8198
5386
3064
5968
8054
6117
9200
7820
6144
8681
1342
 534
2796
8973
  44
3834
1041
3018
7008
9498
4058
1056
7948
4081
9626
7208
1298
 900
1869
7705
1692
1210
6528
1951
 651
2109
8964
2153
8782
 481
4335
4562
1302
1141
 868
9298
4743
5272
1364
5637
9266
5902
1365
6349
7809
 691
7154
3668
9281
9231
3539
3092
2567
4506
 126
7130
6381
8033
2366
2424
8380
1098
8499
4522
2398
6517
2874
6044
9524
1204
9983
 186
 197
4588
5840
8712
2424
9596
2579
5299
8372
8206
 299
9368
6134
 252
4167
 819
2596
7668
6364
 810
5616
2223
2564
3899
6814
2766
8070
1779
3177
1302
5000
8401
8322
3726
5011
9291
9323
7478
1910
2895
6083
3482
6142
7212
 243
 327
3524
1058
1225
5118
7910
5719
6850
2967
2923
4476
4622
5095
 721
 832
7070
9029
8058
8467
4513
7817
4183
4829
3696
3110
6386
6463
5046
2586
8370
5674
5940
4244
2763
3408
7620
9125
6197
9464
9948
 698
2895
7253
1013
6121
2866
1433
 237
3337
1114
2246
7530
7079
1971
2133
 544
7991
4176
 763
3012
5992
2066
6633
1314
1466
 614
9875
1180
 308
9264
8883
8740
3809
2728
2446
6301
8635
 930
9111
4284
9740
9666
1891
8484
3600
5839
 845
 835
7407
4839
1467
2855
3273
3923
2033
 421
8018
9965
8916
1963
2225
 159
9185
1332
4484
4062
3951
3148
1766
6343
7763
8485
2004
2297
7699
3609
1340
2723
4508
4272
4902
 399
3463
2565
4183
5647
2186
8820
5412
6167
5436
7911
7541
6315
8411
1794
3162
6538
3185
2107
 354
1083
8579
9150
7689
2823
1948
4255
7201
3944
5658
9297
 581
9808
6392
6951
 346
2253
4700
5273
1719
8732
1857
3785
9095
4635
4663
5703
1308
5651
2474
3314
3878
 438
1121
1327
9844
1989
3367
9663
2730
3061
7967
8620
  36
3411
 804
7012
3562
9302
8319
1114
 500
4100
8749
2233
4368
 871
4415
7370
4177
4897
3363
 328
 922
8542
7779
3266
5308
4698
5437
3121
8573
5251
7939
8154
2650
6783
2004
 566
 269
8433
9083
2576
4642
1176
8662
3791
1015
1320
6970
2613
5282
6397
9380
 759
 248
1773
1011
3022
4714
2782
2549
6876
8322
 696
7679
 851
6064
4124
1745
6083
8782
1830
8632
5699
9754
7486
6134
1346
 261
8357
1695
 446
6391
1966
 502
5637
8021
2587
1640
1850
6950
7770
1078
9994
 211
5663
3817
5631
4477
7635
2689
1621
 355
2221
1439
2491
2467
3025
9379
7372
7345
6598
 792
2462
8599
5885
3151
5579
7820
2286
 554
2511
9159
8117
3850
1121
9877
6957
9658
 150
7578
5371
7790
 353
8117
8415
7574
9231
8742
7478
5831
 531
5540
2276
4828
7917
5722
8288
8505
6321
2323
1648
8704
6501
5046
9207
5672
7866
2067
1932
 267
3567
6078
 620
3678
6114
9835
6995
7174
2633
4491
9159
4905
3536
6598
2166
4435
 339
5370
  81
8650
4255
4386
 296
 948
6820
3802
 584
5032
9117
4466
4019
9074
1011
4482
 831
 667
6783
3453
7857
5976
3679
4953
4379
2465
6987
1374
3588
5845
1992
6172
5255
4892
9820
4274
6703
3901
5203
1180
4257
5170
4418
9405
7194
5113
4650
5550
 379
6587
3663
8789
6978
2546
 394
3625
5307
8055
2139
3668
4406
8122
6643
 555
8571
6054
9649
4123
8811
8083
2124
8420
3625
3006
8432
1082
3210
7478
7084
8601
3336
7416
3179
3065
8109
1054
8466
5026
2110
8739
1530
3618
8565
7626
6797
3660
3412
6336
4423
9012
6183
8542
6789
 553
7321
4676
8177
6641
5434
8099
 721
5675
5167
9417
8572
3681
8314
2962
 622
1933
3580
2493
9422
4301
7784
4621
3694
2730
2858
7457
5475
 357
6152
8695
2679
3635
2600
2764
5787
2331
2242
4502
8400
5373
3799
4230
3735
4374
7970
 872
5559
 913
 973
6509
1360
 672
9864
6667
  78
 491
4150
7587
2032
2520
6600
4788
2009
4747
6414
4606
1287
4576
5322
7049
7234
4551
1320
3783
 455
4591
7996
4679
6246
2327
2474
2731
 776
 625
 379
6925
7429
5159
9758
1341
 133
4498
4254
3134
7429
1993
8179
8450
4285
4439
9675
1699
5839
3857
2282
 916
4562
2886
9856
2647
1617
9255
7658
6784
8990
1160
6523
5849
3194
4280
 781
5319
3705
9934
3618
1182
6929
1732
5936
7297
5044
7625
 845
1708
8799
2193
2630
7685
5314
7984
3862
 336
2112
1336
1334
 738
2441
3918
4960
7800
1863
 883
8008
9802
1797
9874
9741
 906
3399
1349
2956
7825
 646
7245
 454
1468
9434
2258
8003
8130
4317
 487
5335
4442
1373
2002
6932
8650
7154
 715
3968
4435
3890
7330
1929
7052
1345
7238
3750
5419
9533
4788
3903
5931
8825
1052
7904
2667
5335
2234
 970
2739
1068
3939
8442
1725
5615
 174
5886
1025
7042
3542
2373
7472
5700
3165
7191
5782
1637
5123
7317
5130
3996
4247
3138
2264
2438
6974
5906
2593
  64
6866
8258
1217
9110
8220
9592
9009
1485
3028
8252
7581
1134
7960
4007
2537
 756
  28
8138
3920
8777
4033
2659
6046
4187
7417
1948
5614
6693
4810
 484
4134
1451
9153
1827
9714
 949
8920
9576
8718
4368
9835
1012
7256
 817
8008
4316
4245
8492
 582
3275
1379
7828
3575
5303
7006
9012
1312
8549
2295
9149
9000
 975
 242
 529
3119
9493
3599
3135
 738
1426
8876
3920
2588
6384
5433
5362
4063
6526
6651
7074
7443
3569
8981
7903
9070
4089
5220
6109
5669
 854
9530
8024
1393
4490
9469
2601
3814
7073
7457
 110
3008
7022
 339
1300
1535
2439
9479
6392
2212
4405
5573
3407
5324
1380
2303
6003
2173
1170
5191
1855
9551
5398
6527
1116
4013
4222
3200
1709
  75
9006
2318
4199
 779
6021
6796
8102
6251
8018
 444
3420
2112
 567
2426
1435
7193
5997
 602
7013
4717
6473
4255
4130
7511
9485
4477
1346
 755
6673
5649
 627
9001
4964
1200
7317
5434
1390
1997
2956
1800
5048
1359
2774
9131
2638
6994
2766
4273
1939
7885
5408
5941
6006
 884
2318
5124
6276
8254
2290
7388
3357
3866
 869
8710
6012
6333
2031
8533
2177
8063
5999
4271
 689
4472
6974
3276
4321
6357
8816
1581
2350
1839
 779
9726
6321
 846
9002
1759
8625
1945
4340
5391
 170
 497
8217
5578
 140
 863
4956
3510
2439
9947
 567
3544
1798
5711
2588
6428
7097
5963
6968
2388
  71
9370
3373
1824
7283
9973
1040
2271
1855
8854
5775
5349
9710
3792
1655
2542
5039
2685
1669
6739
5079
2664
1500
7754
1085
2988
6839
 642
1292
1324
3343
3759
 405
3829
 255
 930
6531
8001
6790
3613
2675
8733
2764
5254
1731
6525
7209
8026
8090
6143
1795
3700
 777
6829
7910
8830
4801
3431
2072
2615
7780
3552
8333
1013
4512
3320
9145
 381
3322
9194
 581
9921
7495
3318
8292
 505
8225
2610
4101
7013
8071
4797
2843
2818
6294
5892
4876
4187
9511
7848
 215
 914
2441
6591
5530
 495
1553
6859
7347
2616
9150
3416
1013
4658
9650
 793
8765
8375
4494
1558
5829
2744
 685
1423
 216
8852
6165
1668
6215
 570
2553
1799
1084
4284
   2
4450
  30
2341
2078
8214
2820
3020
1593
8899
7117
2313
6636
8559
 175
6311
4692
4641
1855
3946
9637
5245
6128
2276
8238
 501
7247
4675
9886
7293
2383
8876
1271
2271
1200
7710
3570
4833
3110
1616
1539
8404
4967
  93
8414
 462
3636
6402
 746
9802
 380
1444
8950
7471
6221
2663
6441
7102
2028
8061
7166
  16
1399
5483
9296
9728
4378
3251
8738
3380
 879
3069
3187
5825
2137
  71
1871
2335
8146
5375
2361
9515
9411
1550
6184
 221
5717
2535
2479
1785
6118
9472
6978
 409
3310
6769
3206
4859
 866
2171
6152
2503
9448
9451
8513
5124
2172
4270
2520
 923
2290
 135
5320
4619
1854
3295
1987
 367
7729
7980
1367
4925
1044
4213
4369
5361
5642
5573
8208
1306
1777
5935
9611
7298
8953
4705
2805
5859
7352
5739
3871
3256
2541
6689
4255
8786
3187
3343
7776
6765
2184
6334
1434
9730
5375
4148
 243
5438
1044
9376
  54
   3
8654
9798
4307
6541
 185
2951
7431
4888
1460
6854
3598
4512
7720
1222
3270
5753
9323
2776
 822
3648
7972
1267
1551
2241
5344
3860
6273
8730
7283
3065
9505
3024
4547
4505
7897
6529
 754
5719
4304
 202
7018
2710
 764
1849
7310
  94
8086
4854
 446
7535
 861
8302
2491
1094
3902
9632
9756
1726
9986
4236
7249
3401
1704
6967
6774
7359
2196
7236
4458
3638
3112
9856
8048
2195
6898
4413
 373
3232
4966
8258
8244
3519
4558
8928
2103
9837
6751
3608
 622
4378
1374
2939
8948
  88
4035
6802
8624
1153
5948
2320
9146
 287
9621
4740
7311
5222
3223
2259
8327
9045
7951
6501
7604
3181
2736
 175
4445
5088
 603
1473
5917
7775
7358
5041
5510
1933
9962
3096
2121
8007
7594
2955
3322
3880
2913
1341
3535
2727
9587
 195
3242
7812
7159
4648
7688
   4
1451
8673
6120
 153
7577
8900
 656
 597
9017
1653
2412
7920
6262
3713
 793
2760
9733
3999
 610
1737
2611
6211
5256
9438
1071
2245
9543
1686
3256
6129
9158
8490
2616
 272
7775
 205
4801
6087
8592
5317
2663
4175
 257
8906
7486
7653
6904
4045
4661
6754
1449
6891
1652
4270
8673
2801
9682
3345
4005
 226
2986
2746
5879
8631
3374
  35
5177
7831
1020
7140
9445
5431
 464
4919
4764
3155
7035
1212
6989
1517
1603
4510
5240
1477
 747
7734
4260
2363
6052
3183
1294
8705
8099
8057
8755
9748
7797
3938
7519
7484
7217
7921
1671
2690
9821
5413
9540
1874
6084
6286
8017
5857
3942
9770
9896
7809
6688
4419
9527
7618
6045
7895
1192
 427
1965
6760
4657
3881
1350
5476
8042
3799
 456
 968
 765
5407
2293
3633
7779
9840
6353
7603
3996
1537
7526
1486
2286
  68
2347
 509
6883
7390
2454
2833
3068
2711
7423
9150
6427
2397
1960
4595
3407
6046
1114
7808
5425
7381
9137
5075
 559
7540
8410
2724
 438
5748
9596
2290
 565
2617
  69
2252
4080
5993
2230
2565
4178
6445
4466
2818
6711
2153
4483
2150
7097
 905
2878
6640
3081
8973
2999
 611
1312
7335
5064
7575
 519
5010
7086
2334
1844
1685
2117
3193
6533
1528
9254
5339
2434
2695
2557
3726
5822
8260
 703
9285
3246
6929
7212
2962
8206
3263
4530
1402
1360
8993
 738
2613
2758
1332
6631
8218
4514
3683
7459
 778
3932
3126
7100
6923
7028
9930
   8
7897
3880
5159
3797
8056
8344
5614
8892
2333
5704
2658
7463
9518
4374
4153
7632
2199
6108
6050
9020
7454
 392
9657
3912
2521
7467
8168
3506
1230
3343
8497
5676
4187
4205
  10
2172
6967
3997
4791
1543
1449
7518
2286
6304
6248
9145
7399
1259
2451
8257
7683
1975
2306
3646
9759
2603
 460
7067
 601
1440
4154
9116
1682
1728
7052
1620
9300
8397
9275
6934
8005
8260
4302
4330
9373
1412
4865
9586
5188
7674
6163
1165
9616
2911
4254
 796
2622
2436
3309
8628
7087
6956
6345
4435
9109
 876
6548
2454
9469
9198
4682
9002
5135
9292
 484
  18
1092
8379
7855
1961
5848
9013
5117
5528
5184
3404
1227
9018
 446
8396
7074
2318
3618
6880
9361
1740
3347
6376
2795
1772
9054
6537
9341
1635
1774
1590
2419
8271
3950
4190
8620
 422
3419
2421
7771
 778
7052
7495
 367
2303
3910
8778
 597
7040
1675
6660
6748
4127
1604
 333
8745
3371
2079
8230
8621
6919
5386
9258
 900
 441
7168
8292
5310
4240
1043
3889
9876
2314
3372
7847
5267
2532
7263
9654
8317
 435
3762
1438
5729
7043
5727
7090
2951
2558
 823
  92
7104
2064
2538
8640
1245
 456
6533
4293
2527
5041
6507
9953
7247
5345
6087
9588
8736
2242
7696
 409
1969
8879
6174
6056
8279
1057
4972
5375
9563
 604
4127
9331
8592
3859
8278
9393
7143
5443
6083
5497
6854
9567
7769
 462
4070
2743
8165
7543
5564
8014
7042
3738
9963
7484
6232
2281
2824
6322
3237
3389
7262
 284
1855
  83
 563
9755
3992
7252
7883
8500
6418
6601
5787
6915
7429
 271
 128
4420
8064
 695
1457
7091
1772
5649
6930
8402
9511
 506
4235
3643
1824
 947
8633
5879
6590
6180
8019
4015
1237
8497
2815
6993
 859
4764
1574
6837
5496
8620
9733
9023
3565
2188
9638
4600
8535
2694
6942
4217
2612
1890
6600
8951
3909
5641
3554
3173
 244
5615
4102
4326
8984
9953
4125
9795
9286
1307
5679
8668
3850
4221
1101
3938
7943
7631
4242
2484
3083
1970
5831
1784
3158
3449
5991
7757
5613
1144
7507
1150
2986
8844
6710
7961
2534
8987
2363
1745
2602
  13
 478
9634
4546
7403
9744
8051
5492
9559
1391
6112
4111
6652
 565
9464
5334
7431
9392
6228
4927
3367
1570
 298
6008
4945
 186
7313
8442
1815
2611
9189
4432
8826
5867
9309
1513
9037
4006
6219
4300
1900
9188
4900
2188
 461
8177
1585
6044
4709
8539
 117
1716
5374
1353
8144
1525
1000
 858
2659
6826
2430
3852
4437
3263
7082
5422
2390
8854
5004
 600
4802
3480
1046
3881
1688
2521
7660
5761
1211
5983
4154
4384
 296
1556
9702
9135
9881
2778
2712
8734
1098
7982
8135
2365
9611
7536
9350
9167
1461
2546
2798
 764
1664
 400
7550
9238
4435
 495
5825
1550
5677
2408
3263
8792
8293
3590
7734
8956
 509
4030
5482
 270
3149
6847
4010
7264
1725
9483
1589
9110
5921
8741
7693
2411
 636
 683
4427
5475
7919
6133
8612
1072
1057
2526
9227
1145
2451
8211
1398
3223
 996
7802
4405
9442
1683
1301
6752
6028
 371
5127
4992
3708
1364
5462
5505
5214
9823
9281
8854
9256
7570
1332
1918
5456
9389
5642
6166
4508
1772
6610
3167
9946
1046
3173
8737
1138
1925
2791
2527
 665
8343
8748
2141
3399
4660
8142
 896
7211
3297
6636
9398
6461
1173
 932
6022
1428
4218
6547
5128
8394
4838
2924
1591
7196
1866
1944
1894
9462
1451
8478
4658
9855
9935
2884
7014
2305
8874
2388
 772
9276
6634
4209
9859
2186
4400
6108
3444
3014
 592
8290
9626
4297
 890
1465
3000
8646
 634
8011
5293
7735
4029
7393
3166
1270
8181
9396
4355
9296
6654
 144
 885
5111
6914
4491
 965
 744
5274
6516
2785
2605
2295
7711
1795
2931
5984
5648
9802
8030
1564
5221
6205
1259
1938
8745
5229
9254
7615
 103
4762
1390
5768
1836
 297
4022
4417
 992
2069
 125
6941
8150
8724
8192
1846
8209
6235
1454
9599
3529
2180
4685
9305
3983
4366
1787
6419
8078
7494
9911
8742
8914
4069
3121
9103
1454
3082
5376
3694
1016
 522
5842
4895
4407
 949
5065
 502
3136
1706
3476
 801
8877
3630
3547
5545
8496
6441
4752
5529
9415
5457
 482
6337
2464
6732
5475
4669
5934
7695
4140
3570
 124
5068
1552
2521
6098
7996
6879
6560
5174
9433
7356
1004
1796
6496
2384
7939
2913
6021
7568
2442
3116
5159
1037
3914
1175
2437
5883
  56
6853
9297
8116
 533
2132
1380
5661
8323
4204
3410
7354
5977
2488
2032
9598
5049
9797
8131
3493
2880
6249
 858
9637
8222
9719
5951
1713
 951
6495
2266
 993
9049
3195
 199
 703
3647
 183
4825
3027
 389
6048
9582
3041
1756
2577
1813
6993
1824
 569
9198
8608
3801
 241
1169
4037
6287
1629
 497
5479
8433
 898
9762
6669
6712
5815
2185
2597
5175
7374
4931
 489
7462
1892
6681
8862
8400
2887
8018
7247
3641
6440
 905
8459
4564
7649
4097
3066
2403
6969
9238
6437
1616
7877
9862
7991
4300
5745
8656
5630
3351
8896
3691
5798
 639
9408
 954
9801
3612
7426
6814
7279
2395
1609
3309
7676
3305
2256
5410
8235
5764
7424
5925
 453
6188
1954
9965
3719
7119
8659
8018
1698
3445
9894
1720
1460
3369
5374
3657
3672
2137
3995
4066
3225
7872
3220
1473
5421
6898
4407
1645
 272
9608
 397
 390
7294
 413
8673
1631
 133
6663
2098
 297
5529
9466
4839
4866
6426
9753
6739
 430
3892
1919
5882
9796
3206
9438
7522
9309
9221
3718
7165
2424
6353
 599
2390
3010
6791
7450
1834
3348
8889
8477
9321
4989
1916
8622
6460
3137
8864
3482
5098
6386
6709
5174
 166
8191
6252
7118
 939
5738
2203
8108
 155
5374
5638
2219
  83
1936
6074
 268
9027
3301
4699
8761
7150
5973
9553
5160
8509
3470
3390
 595
2216
5484
8435
  86
2183
1432
8916
3288
1766
5759
7561
8685
4024
9508
8199
5835
2029
4168
6174
 571
8871
6601
7651
6067
5353
9369
8897
2066
2993
2496
6604
 555
6200
4997
3751
6342
3831
4793
8662
2675
8476
4916
8550
  33
4909
3540
1628
3470
9724
4483
5419
8799
8236
9752
8122
6834
3875
2913
1541
2754
5713
5472
8786
2411
3632
9971
 167
2367
2492
1545
2171
 665
6948
7601
2330
5471
5505
3109
9965
3965
3767
 967
4969
8592
 555
4491
1862
9855
8996
6582
6371
5985
6260
5653
2200
4795
7432
8768
2493
 857
9342
1888
 873
9456
2167
7679
5053
2593
9533
 784
8162
1280
2167
5023
1584
3397
4747
3945
7681
6275
7171
1967
3413
8183
9715
 455
5559
2531
 697
5828
9439
 476
3814
1879
7114
1905
9292
3397
2311
7725
6201
3291
5923
  31
3107
8592
4856
9863
 756
3706
9761
5123
2265
5668
9985
7276
2181
8686
9557
4491
8395
3365
1479
5856
1899
8341
5220
3220
8124
 780
8688
3164
1276
2592
4937
1649
3876
6932
9977
6142
5088
 759
9808
 554
5549
 366
6241
5463
3555
4387
5803
 202
8437
6909
2987
8668
9542
9490
1505
3728
8639
3627
2672
5478
8783
6503
7802
 991
4706
5842
9435
1890
6965
1783
 436
1839
7400
2052
3468
 914
7524
2989
6194
1545
7840
2531
5637
3786
7551
7703
 423
8879
2684
4586
  48
7203
1001
 838
9103
9730
4932
4434
6854
5499
4939
5922
1783
5065
1137
1726
7481
3299
 498
9620
8000
5521
1027
5152
6700
 352
6685
 587
3952
6471
6748
4081
2198
9611
2307
2807
2641
 192
6834
5133
3155
1329
 283
8177
4896
5281
1953
2004
2466
1027
8210
6337
6015
4247
5367
4699
3512
6247
7033
1606
3283
2193
4726
8617
6107
1013
1492
6546
5894
1521
1798
3674
7624
8011
 829
1547
  39
8815
2448
 511
5438
1242
9118
2123
1477
4966
4563
7180
4545
5318
1402
2224
 520
6853
 691
2473
6056
 154
2213
3117
1096
9055
1381
 801
6847
2914
5432
7656
9460
2651
2629
 950
6245
2591
1006
5658
9308
  37
2496
6380
  31
8455
6393
8066
9751
3611
5050
6009
7459
2818
 846
8818
9694
2176
4554
8875
8542
2142
1204
3360
1855
8893
1609
7570
7567
2460
4377
4247
9179
4171
7686
4929
6874
9744
5166
6147
7048
7978
6692
 130
3030
 757
7558
3033
1280
8158
9386
5263
4959
 535
6282
6908
2368
1996
4211
7930
4916
6967
9064
5961
7209
7201
6060
 469
6506
4778
6368
8716
2163
6123
 841
6283
1079
4458
6310
5912
2965
4927
9664
3413
2248
4436
2594
3475
 895
7073
7132
 134
9404
6505
 387
1960
8736
6847
 955
2256
5959
 653
9671
2180
4064
3799
 128
9228
2752
8683
6549
3465
1079
7227
2738
7318
1091
1695
 324
3470
8244
3284
8939
8366
4976
4666
1921
1404
   7
 413
7578
9017
5097
 433
3004
4339
 935
4644
4594
7038
7560
1390
1515
9699
5629
7692
7208
4281
 535
3358
 679
3156
9975
3213
1145
1819
8406
9313
9338
4846
 326
5858
1314
1096
9385
1454
6391
 993
2944
4650
1686
1095
9543
4812
5474
7247
3071
4073
2475
4918
9692
7514
5891
1261
2560
1796
4365
8532
2071
4280
5495
2533
1605
7960
6650
9381
4349
9787
7039
6567
3940
7699
6261
 562
3877
2685
3712
1203
7381
6473
3651
4854
3274
5451
1985
8977
7224
6320
2160
7089
5644
 437
5344
1642
8812
4917
3787
5305
3886
4705
1485
7948
6985
  21
9510
3444
5802
1945
2541
8058
3447
2885
7719
4096
1593
5496
3241
3353
4405
1963
4426
3851
2699
6321
6556
3508
2291
4514
2029
3611
1957
2520
1753
3416
1592
 202
1106
9991
 622
6567
6530
9529
5374
3653
9072
2124
2257
1947
4962
9436
8224
6251
9538
6793
5806
 276
3364
1931
7139
2423
 855
2355
5352
8280
1961
6484
2026
7480
7056
2066
7545
3729
4039
5962
9248
7009
9509
  34
1242
2298
3477
3666
2018
4601
2209
6131
6971
9382
1023
2103
 434
1131
6081
4602
3697
5769
 648
9287
6230
 679
3545
2078
7539
2109
7219
2932
7606
 768
2703
6699
4588
6622
6137
9412
3874
4780
7326
 930
9964
6686
7510
1681
 169
6552
4772
7799
7751
7506
1212
6425
1363
3745
4165
7441
2708
4660
 943
7407
6665
 635
9734
4302
9471
2655
4087
6969
  23
6910
1650
5261
6920
3974
2897
2480
6321
9716
4792
1634
  33
4749
9774
2195
1035
1276
7147
7189
2452
7533
6642
6052
 159
7435
1857
8339
4827
7941
1190
1865
1451
1765
2116
7580
  38
7300
9975
6012
 848
5704
2485
4644
1433
 256
6245
6748
3605
1922
2596
8130
4539
8386
6773
9690
5506
4342
9432
2083
3497
 455
3407
2716
1125
6939
 301
3048
2656
8689
8096
5182
6624
8556
 529
 371
3974
8292
4330
1004
1112
 521
 791
7615
2338
9145
2047
1609
9336
2420
2997
7653
5615
5214
2186
8907
 157
3446
5189
3976
9869
1668
4870
5357
1271
6360
4551
8442
8672
1856
3220
7276
2046
8730
6653
9076
3743
7707
9737
2026
1963
2319
 493
2178
4150
 435
4462
8446
7178
1886
 403
4916
 677
1271
8926
8833
6095
5091
2045
1790
3215
7150
5900
2034
6878
3324
2509
3721
7788
7936
9835
9780
8449
8109
8971
1632
 439
4140
6499
9035
7270
5213
1440
3732
1376
1264
7155
4835
7151
5846
7915
6665
9819
 180
6377
1449
5296
1737
8096
8839
6335
 736
8892
8943
3076
7912
8420
7001
5881
2017
2819
8076
9192
7033
3971
4369
6630
8617
3003
6746
1407
4842
8939
7090
6300
 155
2452
1382
 668
8215
2254
2261
8546
 211
1716
 516
1035
3270
3475
 884
7475
4028
8963
4360
3689
 540
1077
1314
8399
7336
8174
 414
 582
3412
7602
3169
8842
7787
1877
1859
1114
 431
6766
5131
4716
7504
9677
9657
5038
5311
 638
 890
2287
4403
8734
1911
3487
9580
 477
2368
4244
 166
2629
3079
  78
8015
9962
2783
8158
2524
  35
2599
8435
 105
5288
9137
2436
6961
4092
1225
8709
 285
9357
7938
2980
 575
2490
3378
2227
4818
4532
 337
  91
8586
2888
1678
4510
1922
 555
9891
8862
8086
9495
4714
6413
2381
8886
9280
7668
4428
1148
1465
7656
2327
5417
3492
5049
7016
3311
3872
8301
 341
3010
2415
1933
2814
3726
2842
3246
7364
7485
8998
  99
1392
6616
1781
2513
4755
6029
1103
9203
4489
4211
4627
3935
 692
 314
 633
9592
5862
6374
2666
6550
7055
7550
8034
3059
4568
5407
7364
6566
7854
4567
 686
9382
 868
7087
7071
3415
7074
7064
3463
3129
6002
8745
3582
4354
1453
4647
9144
7768
1825
4039
1494
8260
3750
2736
2704
 659
4305
 293
2963
3967
 328
7489
7781
4285
6440
3779
5249
3320
7075
2508
8527
6670
1022
5703
 898
6633
1338
9193
5961
6337
2816
3529
6254
3936
4339
2257
2483
1991
1217
 693
7055
6927
1306
6580
7491
7986
6772
4429
 673
1802
4846
7524
9007
4346
5876
4293
3304
7709
4963
9367
 260
4891
8253
2021
4234
6067
7854
9977
9507
8837
3232
8250
1216
 607
7964
2344
2030
9259
2034
6725
1865
3191
8363
1910
 927
1813
5629
 282
9991
6500
6527
2458
  66
5855
3518
6018
 720
 820
8447
4399
3686
2423
5317
  90
6719
7688
1525
7156
6928
6946
8361
7682
9808
3798
2418
2875
3624
2023
4081
 462
4312
1143
2583
8698
8410
7251
8268
4745
6858
6346
2621
1436
8246
 196
 105
7133
1763
8992
9407
 801
1025
2718
3392
7036
9647
 846
7994
2266
4209
7993
6536
7115
9313
 687
3108
7422
4405
9936
 894
6753
1792
7247
9234
8872
9722
1811
  37
8556
1476
7328
8608
7702
 935
3847
9040
1084
3453
6313
 124
6571
5875
6641
4265
9079
9436
4466
7660
 910
3241
2062
8526
3315
6056
4570
 564
4666
7963
 382
6287
7327
2379
4721
8480
2460
4892
3204
4881
7146
2994
3086
4497
2456
2356
2184
  46
 682
1585
7194
5383
3316
7888
5686
7026
5031
7116
4114
5708
4186
 592
8460
 463
7437
1759
2410
9033
1546
3367
 959
5835
 798
1431
4341
1918
1222
 702
8903
 925
2813
2358
1101
8847
6197
1858
 158
3763
5220
2131
2593
1650
1905
1313
5893
6751
1135
9992
 850
9858
6073
2913
2879
1717
8638
9923
8630
5550
8816
1273
2212
9919
4615
6981
4869
2970
 220
1973
4896
4841
6530
2422
1470
 493
2471
7143
2593
6997
4460
2687
4179
5666
  97
6160
3100
2152
1061
2718
2025
3672
5820
9435
4825
3244
3490
3141
3625
2258
4526
3907
3218
7868
1563
6236
8657
6695
5171
 104
6840
2859
1709
9611
1284
9058
4009
3519
3055
5501
9481
2064
4278
9683
2994
4942
7821
9691
3395
5455
1713
1869
4598
2804
2974
9188
7780
4285
5746
9830
9470
3838
9746
1959
 969
 228
1965
2218
3914
5939
2542
 554
 802
1602
7125
9336
 203
7018
9575
5718
6548
5466
5461
2083
6090
 958
7611
1112
2600
1441
1850
7363
3935
9761
2488
7889
8585
5394
 774
 754
5019
 454
1426
1447
5722
 203
8750
6271
 255
9269
9601
7587
3421
4414
2109
9998
6530
7371
3408
 225
4461
3969
4223
6342
  79
7064
7376
5747
1925
3966
1479
7089
9941
1871
9635
4446
1494
9828
3785
6480
 597
4777
1938
1995
8278
2164
6417
6133
6391
5426
5015
1847
3899
8900
 410
4470
1286
3787
8483
7668
2148
 655
8760
8769
5935
6614
1002
1157
8097
3203
8847
6610
 550
1005
1762
2678
9173
9346
4057
3359
2481
6284
1607
  34
8635
3586
3331
9037
2811
8514
3786
3451
8671
2638
2049
1224
3202
 580
1117
 854
2064
4450
6998
7359
9609
7658
4313
2108
9653
9682
2685
4133
7319
1648
6264
7578
5717
8916
3427
2449
5622
 374
8555
9937
4701
1249
9994
2239
1046
4048
9477
9847
5422
4617
3287
2845
9143
 519
7663
5956
4284
2124
6405
1567
2530
6534
9362
1542
 448
1633
7584
7771
9793
1806
3664
5470
8935
3059
2155
7486
3410
6770
 107
3185
6753
4446
3675
9541
 696
4220
5484
6935
4194
2551
1305
3893
9913
9270
1341
4959
1925
8177
1908
4883
2801
5794
5583
1594
6628
3257
5612
2220
4414
2883
8166
1883
2897
6075
1640
6271
 451
2865
4280
3725
6001
1003
7154
8926
3141
1497
3777
2365
1963
4685
6181
1553
6769
1403
 850
1356
1293
9501
1126
2355
5587
1530
3341
1231
1719
6872
8808
9747
2000
2175
 619
6510
 110
9984
8470
2371
6062
2630
5543
1496
4475
1452
4941
 669
3991
8240
1600
2077
 234
8070
1439
3385
 329
5167
9226
5251
9339
2827
7090
9032
5272
2877
2205
4210
7956
 623
 686
2285
4395
5398
6645
9896
6092
1238
6403
 238
1403
3689
7265
9814
3474
6012
7441
1463
9447
9563
3940
1168
1204
7934
6541
8311
1443
  83
8503
4481
9224
9279
3987
7378
4036
1375
8852
5540
   7
 964
7999
3389
5046
1214
1180
1052
5901
3464
3074
6789
8390
1029
1203
6014
2715
2040
1971
9656
8024
5610
5647
6482
7397
6472
2235
5946
5523
7147
 605
6214
4900
8941
1912
5602
3903
 360
3979
4858
9588
1329
 428
5755
  14
1957
5871
  21
1367
 226
4635
4723
7168
2889
4302
8110
4209
6883
1280
8639
1261
9842
2102
 132
3242
8713
5704
 245
4368
5678
1893
 727
3167
6367
3573
4336
4582
9747
1792
4924
4609
8963
5005
 288
3971
8665
 733
5997
5188
 423
6185
6759
1069
8202
1913
9783
8530
7984
9990
7501
4702
7801
8450
5194
9061
7803
5799
 861
4230
3416
2254
1197
9216
7187
7233
6550
2632
4688
4034
1047
4119
5628
5694
3964
 472
 445
6972
3623
5283
1387
3530
3748
7811
5136
8314
7996
7951
1787
6841
4315
1271
6987
9537
 814
7453
7994
 223
4991
 295
1560
8903
4596
1346
 730
7766
6260
3033
1939
8745
7147
9046
 481
9836
4944
6775
7707
6214
 373
8773
8634
5651
3264
2657
7797
9825
4488
8144
1409
9327
 513
 441
7656
2867
 555
7164
6426
5115
7543
6326
4754
7062
6285
3618
9291
3333
6634
9314
7778
9708
2301
7022
3885
 397
4164
9979
9260
9366
1667
5600
7151
9113
 373
2262
4665
3518
 501
3966
2035
1364
6831
1495
5348
4589
4003
9360
 464
5963
7786
5019
3694
4725
 796
3682
8942
5695
3057
9470
2570
1705
3302
5158
9101
7830
9715
6821
 354
9583
 282
9631
9342
2121
2723
9861
7952
6821
9238
2119
6344
3351
4184
6426
9878
1721
3305
3530
3204
8145
9405
4770
9463
7056
9083
1481
 834
5708
 498
9823
 267
4320
  18
5832
9826
2210
7242
 152
4575
4854
2430
1536
1739
7569
2267
7944
5762
2289
1550
5134
4696
8027
9489
2462
3290
7396
7432
6418
  86
4964
8108
4379
3261
9352
3029
9729
3591
2903
6461
2967
6072
9848
2754
5507
2850
2674
3596
8621
6859
 851
3217
9781
1136
7605
7477
9930
9643
 302
8278
3912
4289
1495
4743
8242
1502
6367
1370
5041
5973
4689
7108
9083
1075
5795
8124
5719
5572
9168
6548
4912
9224
9129
3035
8088
2711
5591
2657
5807
 194
1716
 285
6164
7804
 411
6028
9339
4937
8189
6907
3744
3701
7270
3799
3915
4296
7823
5186
4885
2729
6773
2921
3450
4993
7209
8931
6158
 994
2682
6669
5061
7159
 416
 852
3630
1918
3274
7171
1935
2355
2170
6398
1607
8734
6799
 733
7520
 992
5588
7629
6740
1306
4423
4099
7202
6847
 781
7571
3888
4491
3252
9040
2835
1603
9705
8885
 557
7615
6394
2963
1542
 326
1263
1948
2654
1656
8645
4463
4594
6962
4346
9573
 509
3518
 272
6588
4849
2473
2828
2657
2198
4169
3662
1652
6146
6830
6790
4790
9449
4503
9765
4390
1703
5961
9554
 556
9164
2748
7390
4966
2776
1319
7722
9410
1975
 205
8919
7546
6942
3943
1934
8326
 263
9620
3953
1503
4953
4990
8945
2176
6604
 191
9826
9250
7211
7988
 124
9032
9978
9217
4068
9032
8810
3717
3866
4267
 715
1904
1411
8182
8674
8338
5050
5754
1052
8437
1683
 713
8321
8781
3505
8923
6571
 911
7769
 464
9193
4608
2725
2918
2192
 735
4461
1341
4081
2662
4835
2777
9025
8845
 782
3128
9877
3280
6426
4853
5788
4067
2558
6524
2721
1442
6174
4415
7697
8125
8466
1608
1722
2868
7174
 960
1157
8367
5267
8927
2917
8898
9982
9541
2992
5423
6511
9368
3326
2476
5909
1503
2255
7958
7033
8527
4802
2294
2720
4003
3812
4691
3236
 306
5205
5896
 581
8940
1553
 104
2396
9476
1517
2015
1489
 660
5265
8491
  62
6238
 901
2939
8947
3087
 959
 183
2011
4201
3084
8432
4511
1777
 844
 392
 921
7605
5763
1829
8428
8610
 781
6402
6514
 262
 722
2151
4374
6513
1211
 763
6579
 961
4660
9463
8284
5726
8962
 508
 846
6147
 726
 264
2979
6095
1906
1941
1272
6907
1388
2114
1794
3228
  33
6342
9196
 907
8780
2754
2020
7907
2759
8486
3190
3114
8528
 151
5033
9812
1584
1168
1641
3781
3833
1510
 692
4054
9438
1280
 490
3962
7479
1511
1822
2016
1524
7003
4002
4459
1346
7814
 642
2689
  92
8229
 703
7393
3844
9187
5904
1705
 706
3016
6180
2711
4844
1971
1979
5950
4135
8980
9525
5179
1308
 861
2490
8472
8495
4089
3708
 784
1484
4637
3754
7444
4419
4558
7447
3614
2118
8532
4906
3733
8160
2142
2695
8128
9144
3686
7838
1886
 485
2534
5778
6549
 325
8779
 605
2058
5209
3000
7538
4865
8595
8302
3235
4724
 739
8971
9892
9481
3966
 689
1647
5263
 641
3257
1402
4810
3988
 311
8262
5168
1234
1904
5865
9186
3847
4425
4111
3743
4187
6065
3932
9573
 559
5506
3797
8585
2309
4356
9263
9513
 181
9779
4104
1633
2029
6306
1733
8187
6809
 511
9916
7834
 148
1209
  83
6552
4141
5807
5480
8766
1741
8075
3314
2901
1591
5184
2984
4587
3409
3296
 465
1656
8963
2160
7547
6913
5534
2623
9568
1580
9679
4565
6758
6197
2019
1497
 710
5537
2573
5942
5552
  33
7974
9679
7020
7961
8852
2352
1172
7025
2110
8071
3152
 668
 383
 274
2850
6680
5385
6010
7235
2357
6541
2225
2814
2537
5432
3513
9244
9843
7919
3925
2463
3022
5710
2292
8371
4681
8605
 874
4337
8933
9205
7889
3430
1966
1922
9873
3715
8013
4073
1659
1815
1309
1515
7628
3242
3405
4458
2160
6395
8294
6364
2165
5485
6414
7102
 418
2669
9180
  59
1319
1287
2077
7581
3350
1081
6085
5699
4483
9448
1194
5108
9993
1298
1582
3362
7149
 500
8555
9730
2038
6557
7604
1500
8077
3954
7625
9790
9329
1667
1627
7062
4174
 894
2497
2847
7519
7875
 379
1243
6482
6648
3541
 258
7292
5661
1438
8250
6012
5411
2009
7368
1908
8872
6835
8790
3461
  38
5575
5205
 154
 798
5615
2565
9400
 398
2203
4403
3156
4795
5622
8257
6021
5819
1111
 620
5068
6865
4262
6986
2754
8862
9296
7283
 225
3398
2941
1107
9589
1506
 687
5804
2020
 244
7086
9696
3035
9872
1938
5439
1643
9272
2176
5550
3797
1992
 392
2778
1762
7780
3022
2251
8150
4575
6376
3180
2373
7710
2456
1498
9350
6188
2123
2299
9911
3871
1568
1760
4433
3914
3949
7406
9598
 724
8287
9338
9353
5801
 448
1571
2741
6032
1342
2437
7360
1869
9017
7018
 664
 296
2573
2116
3407
7517
5009
6425
4044
7525
2479
3933
6258
6566
1989
7238
7796
2246
1787
6012
7241
3477
3543
5632
4765
5692
5197
9503
7784
 128
8955
9014
1571
8860
  67
5288
5736
1758
8746
6478
8793
3504
1121
8798
8949
 858
5778
3968
1174
1686
3934
1069
5325
4084
 676
4616
9826
7279
5684
3889
8439
9872
6661
3176
6797
3090
6836
7983
 858
 774
1470
3475
5465
6087
1152
8044
9025
8192
6540
9347
9899
5036
2798
 180
 318
6750
1584
1972
1309
 531
1788
2372
 580
6149
4112
4535
3903
1890
2662
1808
6604
6492
  52
7760
2289
 466
1346
1839
 785
8334
4234
8920
2763
5808
4341
9194
3939
8972
5811
9403
2294
9935
6539
4672
7080
2376
2020
1915
1216
7844
2450
1317
4118
3674
 102
2396
9963
9353
  63
3918
7370
8350
3094
6486
8254
3962
9641
 294
1221
8308
7797
6870
5555
5355
1929
9612
5818
4799
7065
4093
 152
2752
 688
4627
5089
8215
8730
7008
 574
6372
9089
3729
9702
 903
7782
2406
4557
5907
2131
8609
3275
7919
1790
8125
8030
6943
4000
8961
 754
2499
2966
7477
7359
3166
2520
5572
4516
 538
1785
2243
 371
9899
7023
2593
2012
1489
2771
2528
4015
  33
 362
1138
1757
1029
 773
7943
 814
1299
9446
 823
6392
7388
9413
2890
6414
3783
9906
2624
 711
6669
6619
4238
3601
9222
3120
3702
9077
1204
5733
6491
1437
8413
8008
5059
3331
9231
 931
2125
4700
5935
7316
1780
 549
4211
4828
3253
7820
6817
8229
6126
2530
8231
6552
5688
 368
8381
8989
3191
8984
8439
5843
2191
3021
2336
9395
9417
9046
1411
5489
4726
2942
3115
9010
7523
8816
6078
6372
9742
9009
8166
2458
6599
6606
9680
9175
 314
6008
7864
1358
9069
 365
2725
1015
4085
1897
7840
 132
 670
2189
7595
3636
6363
 190
7088
3816
5610
8401
 631
8245
1787
8806
2940
5449
9203
1186
1072
8049
7324
  18
4607
6539
6751
 701
3651
3431
9349
3657
9111
7555
5450
7664
5101
8839
3139
8020
 244
6142
6546
8753
2181
2311
2615
4034
5469
9642
 969
9527
6991
8239
2485
8821
 299
4267
9062
2478
3642
8476
4486
8051
 619
7512
9492
9848
4083
4993
4951
7703
5264
2747
2706
8167
1263
 241
3704
 141
9295
8133
1873
 963
8694
3543
9822
5769
7538
3863
7930
4266
 722
3038
1489
8993
2214
9274
5941
7499
5828
3033
2719
7439
 205
5513
6643
5483
7855
2444
 327
5040
4412
3601
6533
2609
9195
9265
1614
1143
 909
9768
 994
2409
 211
8277
3374
2858
4031
7235
5349
7156
6152
2632
2850
9588
3409
4206
2780
7317
6460
2528
6011
8034
  27
6616
8666
7654
2647
9447
2238
4918
4213
1540
2230
6562
1334
1320
6948
 183
7117
5369
8443
3128
9238
4966
1080
8975
4134
 946
 182
9134
4414
5605
8077
 891
1795
2864
2171
2604
3267
4095
 485
1230
7696
6627
1327
5229
7841
5265
  43
1199
4506
8309
2287
8577
2104
1643
1402
1815
6386
 207
 856
4173
 189
3827
2100
2308
 126
 385
3885
1738
8101
7490
  12
3912
 824
9295
4309
1922
9085
 246
5980
 298
8445
 271
9658
4438
1829
6846
6064
6788
2319
1580
8683
1755
9553
2546
7449
2371
6339
2341
4219
5416
7030
5416
7195
 955
2276
4462
2911
6234
  19
9600
7407
1569
2094
3358
2436
4960
3861
5193
8337
6734
7140
5312
6647
6207
8338
5849
1747
9171
6506
7011
6523
1775
1071
6857
2201
2815
7180
2170
5206
5532
8425
3702
9691
3258
8901
4796
2676
 470
6480
5570
2518
1422
8664
1236
6211
3473
6280
2097
3643
3881
7611
7794
1557
5030
 231
7837
8991
1341
9879
2041
9442
3264
4921
6130
4761
3312
 458
1391
1539
9072
5263
2834
2231
7548
7765
1536
7944
4505
7643
5618
5577
8447
1390
3211
9186
2709
3957
4811
7012
5308
3935
7123
4042
3422
2954
1962
5568
6600
 341
3376
5896
9414
9688
6113
5515
1502
 690
9052
7053
3568
2291
2244
8244
 668
8796
6902
2218
7348
6227
4044
9505
8724
4891
4514
3766
6079
8804
7784
 553
4924
4110
5031
4492
6225
 996
7735
8042
9374
3975
8975
8923
3773
8456
6543
3365
6344
4459
2091
8100
3100
1080
2232
 733
4221
6435
4733
1855
3547
4350
6146
1948
4243
3774
4059
7943
4776
4331
9835
8205
3107
2300
8851
 809
 473
8899
1818
3683
7132
2228
5425
3385
9125
6460
5879
8753
6896
2543
7883
2349
2520
4306
3872
8544
5749
5019
 518
7040
3651
2134
2214
2652
5413
7865
1342
7376
5098
7514
5646
8503
2687
 704
 370
3104
 661
2071
1921
1572
3236
8103
1957
 535
4704
6215
6524
9085
9259
5518
4046
7215
4747
2443
1712
4590
4861
1014
2537
 695
5162
8263
1571
7080
1289
3861
8276
5858
3494
4289
1566
4831
4962
7220
7299
5270
5114
 453
2861
4412
4284
4928
7708
1310
7735
 596
6673
8252
8018
2380
7036
 248
5953
 704
9105
7999
6451
1500
5616
 423
3951
8482
1989
8586
2416
5980
9373
8353
2079
2996
1450
8085
2800
6583
1384
6802
8367
8599
1409
3358
  77
3505
8398
7384
6069
1695
7568
8100
7540
3262
1214
8518
7209
6690
7407
7756
1176
6920
8762
6225
4469
2653
1292
 223
5408
3037
8378
8582
 172
 222
6200
6186
3156
5150
7001
8097
7424
9226
6711
5246
4692
4610
4550
5431
 682
2713
5236
7214
8210
9025
1171
9966
4470
5526
1195
6435
5171
8825
3274
3407
5525
7600
8365
1275
7378
4524
3875
1323
9705
1355
 559
8325
3900
6383
4687
2163
3404
4255
1628
8391
 181
 493
4657
8063
7578
4392
7630
8889
2081
9394
2383
8216
4578
2933
1193
1415
5948
6353
6869
2333
1449
8969
1873
7250
3619
6943
3042
1586
2183
3549
2542
3744
7913
4278
7930
3644
7064
1019
6879
5240
 291
4946
 530
4583
 796
9557
6708
1495
7308
 743
4487
4880
1735
8556
9379
5725
2001
2793
1687
3979
1601
3961
8836
6752
4694
1474
6518
7246
5048
1080
1188
6936
6416
2128
5963
1492
8185
2567
1206
 818
6824
8084
 353
6284
4651
6668
1613
 174
5823
 725
2278
1495
 628
6157
1172
6384
7972
5163
6607
4045
8658
 309
8774
9218
8464
9572
2050
9800
6836
 965
4182
 785
4027
9682
 442
9576
8670
5457
2009
9115
9860
1211
4359
9229
4936
6399
8951
 936
2124
3175
3963
3856
3871
1740
4893
2814
6907
6822
4510
7771
1842
1046
2174
3819
 906
8824
 315
4124
1734
2675
9341
1023
4744
5635
5361
1382
4579
6553
7541
6959
8454
7024
5012
6672
7206
5075
8001
5011
3610
8174
4185
3844
9917
4707
4916
 601
8079
2478
4493
2241
3405
3370
  50
3696
1875
5669
6766
5098
 159
8545
3813
3725
7960
1901
5760
4357
 191
1780
 826
